!
!       DATUM POINT ARRAY DATA FILE
!
! Comment lines should begin with an exclamation mark (!).
! You may have as many comment lines as you wish.
! There must be at least one space between values.
!
! Enter values with respect to datum arrays' coordinate system:
!
!CARTESIAN coordinates:
!        X                Y                Z
!
          -7.30         3000.00            0.00
          -8.40         3000.00            0.00
          -9.50         3000.00            0.00
         -10.60         3000.00            0.00
         -11.70         3000.00            0.00
         -12.80         3000.00            0.00
         -13.90         3000.00            0.00
         -15.00         3000.00            0.00
         -16.10         3000.00            0.00
         -17.20         3000.00            0.00
         -18.30         3000.00            0.00
         -19.40         3000.00            0.00
         -20.50         3000.00            0.00
         -21.60         3000.00            0.00
         -22.70         3000.00            0.00
         -23.80         3000.00            0.00
         -24.90         3000.00            0.00
         -26.00         3000.00            0.00
         -27.10         3000.00            0.00
         -28.20         3000.00            0.00
         -29.30         3000.00            0.00
         -30.40         3000.00            0.00
         -31.50         3000.00            0.00
         -32.60         3000.00            0.00
         -33.70         3000.00            0.00
         -34.80         3000.00            0.00
         -35.90         3000.00            0.00
         -37.00         3000.00            0.00
         -38.10         3000.00            0.00
         -39.20         3000.00            0.00
         -40.30         3000.00            0.00
         -41.40         3000.00            0.00
         -42.50         3000.00            0.00
         -43.60         3000.00            0.00
         -44.70         3000.00            0.00
         -45.80         3000.00            0.00
         -46.90         3000.00            0.00
         -48.00         3000.00            0.00
         -49.10         3000.00            0.00
         -50.20         3000.00            0.00
         -51.30         3000.00            0.00
         -52.40         3000.00            0.00
         -53.50         3000.00            0.00
         -54.60         3000.00            0.00
         -55.70         3000.00            0.00
         -56.80         3000.00            0.00
         -57.90         3000.00            0.00
         -59.00         3000.00            0.00
         -60.10         3000.00            0.00
         -61.20         3000.00            0.00
         -62.30         3000.00            0.00
         -63.40         3000.00            0.00
         -64.50         3000.00            0.00
         -65.60         3000.00            0.00
         -66.70         3000.00            0.00
         -67.80         3000.00            0.00
         -68.90         3000.00            0.00
         -70.00         3000.00            0.00
         -71.10         3000.00            0.00
         -72.20         3000.00            0.00
         -73.30         3000.00            0.00
         -74.40         3000.00            0.00
         -75.50         3000.00            0.00
         -76.60         3000.00            0.00
         -77.70         3000.00            0.00
         -78.80         3000.00            0.00
         -79.90         3000.00            0.00
         -81.00         3000.00            0.00
         -82.10         3000.00            0.00
         -83.20         3000.00            0.00
         -84.30         3000.00            0.00
         -85.40         3000.00            0.00
         -86.50         3000.00            0.00
         -87.60         3000.00            0.00
         -88.70         3000.00            0.00
         -89.80         3000.00            0.00
         -90.90         3000.00            0.00
         -92.00         3000.00            0.00
         -93.10         3000.00            0.00
         -94.20         3000.00            0.00
         -95.30         3000.00            0.00
         -96.40         3000.00            0.00
         -97.50         3000.00            0.00
         -98.60         3000.00            0.00
         -99.70         3000.00            0.00
        -100.80         3000.00            0.00
        -101.90         3000.00            0.00
        -103.00         3000.00            0.00
        -104.10         3000.00            0.00
        -105.20         3000.00            0.00
        -106.30         3000.00            0.00
        -107.40         3000.00            0.00
        -108.50         3000.00            0.00
        -109.60         3000.00            0.00
        -110.70         3000.00            0.00
        -111.80         3000.00            0.00
        -112.90         3000.00            0.00
        -114.00         3000.00            0.00
        -115.10         3000.00            0.00
        -116.20         3000.00            0.00
        -117.30         3000.00            0.00
        -118.40         3000.00            0.00
        -119.50         3000.00            0.00
        -120.60         3000.00            0.00
        -121.70         3000.00            0.00
        -122.80         3000.00            0.00
        -123.90         3000.00            0.00
        -125.00         3000.00            0.00
        -126.10         3000.00            0.00
        -127.20         3000.00            0.00
        -128.30         3000.00            0.00
        -129.40         3000.00            0.00
        -130.50         3000.00            0.00
        -131.60         3000.00            0.00
        -132.70         3000.00            0.00
        -133.80         3000.00            0.00
        -134.90         3000.00            0.00
        -136.00         3000.00            0.00
        -137.10         3000.00            0.00
        -138.20         3000.00            0.00
        -139.30         3000.00            0.00
        -140.40         3000.00            0.00
        -141.50         3000.00            0.00
        -142.60         3000.00            0.00
        -143.70         3000.00            0.00
        -144.80         3000.00            0.00
        -145.90         3000.00            0.00
        -147.00         3000.00            0.00
        -148.10         3000.00            0.00
        -149.20         3000.00            0.00
        -150.30         3000.00            0.00
        -151.40         3000.00            0.00
        -152.50         3000.00            0.00
-153.5988762649         3000.00 -0.0224578441282
-154.5884353745         3000.00 -0.4703156254329
-155.1979692387         3000.00 -1.369355275213
        -155.30         3000.00 -2.458407346414
        -155.30         3000.00 -3.558407346414
        -155.30         3000.00 -4.658407346414
        -155.30         3000.00 -5.758407346414
        -155.30         3000.00 -6.858407346414
-155.2958199013         3000.00 -7.958343635824
-155.0960334251         3000.00 -9.036526848382
-154.6109765374         3000.00 -10.01994613416
-153.8771010717         3000.00 -10.83469792254
 -152.949557479         3000.00 -11.41955393866
-151.8980502938         3000.00 -11.73056248407
-150.8020542274         3000.00  -11.8212818409
-149.7048496576         3000.00 -11.89965359589
-148.6076450878         3000.00 -11.97802535088
 -147.510440518         3000.00 -12.05639710586
-146.4132359482         3000.00 -12.13476886085
-145.3160313784         3000.00 -12.21314061584
-144.2188268086         3000.00 -12.29151237082
-143.1216222387         3000.00 -12.36988412581
-142.0244176689         3000.00  -12.4482558808
-140.9272130991         3000.00 -12.52662763578
-139.8300085293         3000.00 -12.60499939077
-138.7328039595         3000.00 -12.68337114576
-137.6355993897         3000.00 -12.76174290074
-136.5383948199         3000.00 -12.84011465573
-135.4415392665         3000.00 -12.92304883102
-134.3470893128         3000.00 -13.03306267412
-133.2560781713         3000.00  -13.1731285012
-132.1693308672         3000.00 -13.34314039416
-131.0876692014         3000.00 -13.54296978961
-130.0119111288         3000.00 -13.77246557608
-128.9428701403         3000.00 -14.03145420833
-127.8813546472         3000.00 -14.31973983854
-126.8281673699         3000.00 -14.63710446446
-125.7841047313         3000.00 -14.98330809419
 -124.748847701         3000.00 -15.35508001138
-123.7150749352         3000.00 -15.73099738077
-122.6813021693         3000.00 -16.10691475017
-121.6475294035         3000.00 -16.48283211956
-120.6137566377         3000.00 -16.85874948896
-119.5799838718         3000.00 -17.23466685835
 -118.546211106         3000.00 -17.61058422775
-117.5124383401         3000.00 -17.98650159715
-116.4786655743         3000.00 -18.36241896654
-115.4448928085         3000.00 -18.73833633594
-114.4111200426         3000.00 -19.11425370533
-113.3773472768         3000.00 -19.49017107473
 -112.343574511         3000.00 -19.86608844412
-111.3098017451         3000.00 -20.24200581352
-110.2760289793         3000.00 -20.61792318291
-109.2422562134         3000.00 -20.99384055231
-108.2084834476         3000.00  -21.3697579217
-107.1747106818         3000.00  -21.7456752911
-106.1409379159         3000.00  -22.1215926605
-105.1071651501         3000.00 -22.49751002989
-104.0733923843         3000.00 -22.87342739929
-103.0396196184         3000.00 -23.24934476868
-102.0058468526         3000.00 -23.62526213808
-100.9720740867         3000.00 -24.00117950747
-99.93830132091         3000.00 -24.37709687687
-98.90452855507         3000.00 -24.75301424626
-97.87075578923         3000.00 -25.12893161566
 -96.8369830234         3000.00 -25.50484898505
-95.83408564424         3000.00 -25.95399529386
-94.91376611768         3000.00  -26.5544318448
-94.09875282124         3000.00 -27.29149724849
-93.40913021214         3000.00 -28.14702792572
-92.86189273186         3000.00 -29.09994094528
-92.46834964016         3000.00  -30.1260739003
-92.15097857687         3000.00 -31.17924815598
-91.86685855664         3000.00  -32.2418751925
-91.61263099041         3000.00  -33.3120763771
-91.37061644125         3000.00 -34.38511900683
-91.13844814635         3000.00 -35.46033498981
-90.91614561416         3000.00 -36.53763397868
-90.70372752412         3000.00 -37.61692545101
-90.50121172515         3000.00 -38.69811871698
-90.30861523406         3000.00 -39.78112292697
 -90.1259542342         3000.00 -40.86584707916
-89.95324407407         3000.00 -41.95220002724
  -89.790499266         3000.00 -43.04009048803
  -89.637733485         3000.00 -44.12942704914
-89.49495956754         3000.00 -45.22011817669
 -89.3621895105         3000.00 -46.31207222297
-89.23943447019         3000.00 -47.40519743414
-89.12670476137         3000.00 -48.49940195797
-89.02400985639         3000.00 -49.59459385153
-88.93135838443         3000.00 -50.69068108892
-88.84875813072         3000.00 -51.78757156901
-88.77621603593         3000.00 -52.88517312317
-88.71373819557         3000.00 -53.98339352304
-88.66132985947         3000.00 -55.08214048824
-88.61899543137         3000.00 -56.18132169415
 -88.5867384685         3000.00 -57.28084477965
-88.56456168133         3000.00 -58.38061735493
-88.55246693331         3000.00 -59.48054700918
-88.55000000001         3000.00 -60.58054173641
-88.55000000001         3000.00 -61.68054173641
-88.55000000001         3000.00 -62.78054173641
-88.55000000001         3000.00 -63.88054173641
-88.55000000001         3000.00 -64.98054173641
-88.55000000001         3000.00 -66.08054173641
-88.55000000001         3000.00 -67.18054173641
-88.55000000001         3000.00 -68.28054173641
-88.55000000001         3000.00 -69.38054173641
-88.55000000001         3000.00 -70.48054173641
-88.55000000001         3000.00 -71.58054173641
-88.55000000001         3000.00 -72.68054173641
-88.55000000001         3000.00 -73.78054173641
-88.55000000001         3000.00 -74.88054173641
-88.55000000001         3000.00 -75.98054173641
-88.55000000001         3000.00 -77.08054173641
-88.55000000001         3000.00 -78.18054173641
-88.55000000001         3000.00 -79.28054173641
-88.55000000001         3000.00 -80.38054173641
-88.55000000001         3000.00 -81.48054173641
-88.55000000001         3000.00 -82.58054173641
-88.55000000001         3000.00 -83.68054173641
-88.55000000001         3000.00 -84.78054173641
-88.55000000001         3000.00 -85.88054173641
-88.55000000001         3000.00 -86.98054173641
-88.55000000001         3000.00 -88.08054173641
-88.55000000001         3000.00 -89.18054173641
-88.55000000001         3000.00 -90.28054173641
-88.55000000001         3000.00 -91.38054173641
-88.55022145616         3000.00 -92.48054159459
-88.55737634658         3000.00 -93.58051447369
 -88.5746138799         3000.00 -94.68037555341
-88.60193260772         3000.00 -95.78003241549
-88.63933023452         3000.00 -96.87939265888
-88.68680361787         3000.00 -97.97836390741
-88.74434876873         3000.00 -99.07685381762
-88.81196085173         3000.00 -100.1747700865
-88.88963418563         3000.00 -101.2720204592
-88.97736224374         3000.00 -102.3685127369
-89.07513765454         3000.00 -103.4641547844
-89.18295220222         3000.00  -104.558854538
-89.30079682743         3000.00 -105.6525200132
-89.42866162803         3000.00 -106.7450593122
-89.56653585988         3000.00 -107.8363806322
-89.71440793781         3000.00 -108.9263922724
-89.87226543654         3000.00 -110.0150026422
-90.04009509175         3000.00 -111.1021202688
-90.21788280118         3000.00 -112.1876538047
-90.40561362583         3000.00 -113.2715120356
-90.60327179122         3000.00  -114.353603888
-90.81084068867         3000.00 -115.4338384366
-91.02830287676         3000.00 -116.5121249124
-91.25564008275         3000.00 -117.5883727101
-91.49283320414         3000.00 -118.6624913955
-91.73986231025         3000.00 -119.7343907135
-92.00760844826         3000.00 -120.8012614289
-92.30872615908         3000.00 -121.8591974046
-92.64896306764         3000.00 -122.9050585989
-93.11819366116         3000.00 -123.8987057861
-93.73714532081         3000.00 -124.8066765597
-94.49056515664         3000.00 -125.6065957017
-95.35988656549         3000.00 -126.2787507216
 -96.3236867697         3000.00 -126.8065776336
-97.35052757785         3000.00 -127.2001918464
-98.38430034369         3000.00 -127.5761092158
-99.41807310953         3000.00 -127.9520265852
-100.4518458754         3000.00 -128.3279439546
-101.4856186412         3000.00  -128.703861324
 -102.519391407         3000.00 -129.0797786933
-103.5531641729         3000.00 -129.4556960627
-104.5869369387         3000.00 -129.8316134321
-105.6207097046         3000.00 -130.2075308015
-106.6544824704         3000.00 -130.5834481709
-107.6882552362         3000.00 -130.9593655403
-108.7220280021         3000.00 -131.3352829097
-109.7558007679         3000.00 -131.7112002791
-110.7895735337         3000.00 -132.0871176485
-111.8233462996         3000.00 -132.4630350179
-112.8571190654         3000.00 -132.8389523873
-113.8908918313         3000.00 -133.2148697567
-114.9246645971         3000.00 -133.5907871261
-115.9326704668         3000.00 -134.0248064842
-116.7418634021         3000.00 -134.7608166196
 -117.233403492         3000.00 -135.7380026132
-117.3436720665         3000.00   -136.82655867
-117.2887406879         3000.00 -137.9251862428
-117.2338093092         3000.00 -139.0238138155
-117.1788779306         3000.00 -140.1224413883
-117.1239465519         3000.00 -141.2210689611
-117.0690151733         3000.00 -142.3196965338
-117.0140837947         3000.00 -143.4183241066
 -116.959152416         3000.00 -144.5169516793
-116.9042210374         3000.00 -145.6155792521
-116.8492896588         3000.00 -146.7142068249
-116.7943582801         3000.00 -147.8128343976
-116.7394269015         3000.00 -148.9114619704
-116.6844955229         3000.00 -150.0100895432
-116.6295641442         3000.00 -151.1087171159
-116.5746327656         3000.00 -152.2073446887
-116.5197013869         3000.00 -153.3059722615
-116.4647700083         3000.00 -154.4045998342
-116.4098386297         3000.00  -155.503227407
 -116.354907251         3000.00 -156.6018549798
-116.2999758634         3000.00 -157.7004825521
-116.1986166428         3000.00 -158.7954732086
 -116.005077527         3000.00 -159.8779799477
-115.7207433836         3000.00 -160.9402569004
-115.3476487635         3000.00 -161.9747029522
-114.8884633424         3000.00 -162.9739161319
-114.3464728182         3000.00 -163.9307465772
   -113.7255554         3000.00 -164.8383476952
-113.0301540577         3000.00 -165.6902251526
-112.2652447303         3000.00  -166.480283347
-111.4363007209         3000.00 -167.2028690226
 -110.549253532         3000.00 -167.8528117233
-109.6104504232         3000.00 -168.4254607889
-108.6266089929         3000.00 -168.9167186333
-107.6047691113         3000.00 -169.3230700647
-106.5522425459         3000.00 -169.6416074384
-105.4815640419         3000.00 -169.8937776666
-104.4071284401         3000.00  -170.129508602
-103.3295532062         3000.00 -170.3504442297
-102.2490420661         3000.00 -170.5565427798
-101.1657993006         3000.00 -170.7477652875
-100.0800297072         3000.00 -170.9240756002
-98.99193856098         3000.00 -171.0854403849
-97.90173157584         3000.00  -171.231829134
-96.80961486582         3000.00 -171.3632141713
  -95.715794906         3000.00 -171.4795706572
-94.62047849345         3000.00 -171.5808765935
-93.52387270817         3000.00 -171.6671128272
-92.42618487392         3000.00 -171.7382630545
-91.32762251903         3000.00  -171.794313824
-90.22840672903         3000.00 -171.8356662239
-89.12894500879         3000.00 -171.8700547406
-88.02936458842         3000.00 -171.9004116756
-86.92968025116         3000.00 -171.9267366206
-85.82990678163         3000.00 -171.9490292218
-84.73005896565         3000.00 -171.9672891795
-83.63015159007         3000.00 -171.9815162481
-82.53019944249         3000.00 -171.9917102364
-81.43021731116         3000.00 -171.9978710074
 -80.3302199847         3000.00 -171.9999984781
-79.23022225195         3000.00 -171.9980926201
-78.13023890175         3000.00 -171.9921534589
-77.03028472275         3000.00 -171.9821810744
 -75.9303745032         3000.00 -171.9681756006
-74.83052303078         3000.00 -171.9501372259
-73.73074509236         3000.00 -171.9280661927
-72.63105547381         3000.00 -171.9019627978
-71.53146895986         3000.00 -171.8718273922
-70.43200033379         3000.00 -171.8376603809
-69.33275968145         3000.00 -171.7969557179
-68.23415529376         3000.00 -171.7417349279
-67.13641401881         3000.00 -171.6714140235
-66.03974339505         3000.00 -171.5860062996
-64.94435075851         3000.00 -171.4855279033
-63.85044320358         3000.00 -171.3699978311
-62.75822754391         3000.00 -171.2394379249
-61.66791027326         3000.00 -171.0938728685
-60.57969752651         3000.00 -170.9333301822
-59.49379504062         3000.00 -170.7578402182
-58.41040811581         3000.00 -170.5674361546
-57.32974157668         3000.00 -170.3621539889
-56.25199973354         3000.00 -170.1420325318
-55.17738634374         3000.00 -169.9071133994
 -54.1063297058         3000.00 -169.6565163173
  -53.052333568         3000.00 -169.3428758049
-52.02861551623         3000.00 -168.9412795152
-51.04250075731         3000.00 -168.4546010672
  -50.101045428         3000.00  -167.886322885
-49.21098610482         3000.00 -167.2405112788
-48.37869160057         3000.00 -166.5217873487
-47.61011739231         3000.00 -165.7352939184
-46.91076300701         3000.00 -164.8866587358
-46.28563266973         3000.00 -163.9819542034
-45.73919949589         3000.00 -163.0276539278
-45.27537348395         3000.00 -162.0305863974
-44.89747353746         3000.00 -160.9978861215
-44.60820371665         3000.00 -159.9369425791
-44.40963388954         3000.00 -158.8553473437
-44.30318492104         3000.00 -157.7608397619
-44.24811097702         3000.00 -156.6622195407
-44.19317959838         3000.00 -155.5635919679
-44.13824821974         3000.00 -154.4649643951
-44.08331684111         3000.00 -153.3663368224
-44.02838546247         3000.00 -152.2677092496
-43.97345408383         3000.00 -151.1690816768
-43.91852270519         3000.00 -150.0704541041
-43.86359132656         3000.00 -148.9718265313
-43.80865994792         3000.00 -147.8731989585
-43.75372856928         3000.00 -146.7745713858
-43.69879719064         3000.00  -145.675943813
-43.64386581201         3000.00 -144.5773162402
-43.58893443337         3000.00 -143.4786886675
-43.53400305473         3000.00 -142.3800610947
-43.47907167609         3000.00  -141.281433522
-43.42414029746         3000.00 -140.1828059492
-43.36920891882         3000.00 -139.0841783764
-43.31427754018         3000.00 -137.9855508037
-43.25934616154         3000.00 -136.8869232309
-43.35032119305         3000.00 -135.7962089744
 -43.8220758324         3000.00 -134.8093190685
-44.61627741222         3000.00 -134.0571568675
-45.61853431706         3000.00 -133.6114420664
 -46.6523070829         3000.00  -133.235524697
-47.68607984873         3000.00 -132.8596073276
-48.71985261457         3000.00 -132.4836899582
-49.75362538041         3000.00 -132.1077725888
-50.78739814625         3000.00 -131.7318552194
-51.82117091208         3000.00   -131.35593785
-52.85494367792         3000.00 -130.9800204806
-53.88871644376         3000.00 -130.6041031112
 -54.9224892096         3000.00 -130.2281857418
-55.95626197543         3000.00 -129.8522683724
-56.99003474127         3000.00 -129.4763510031
-58.02380750711         3000.00 -129.1004336337
-59.05758027295         3000.00 -128.7245162643
-60.09135303878         3000.00 -128.3485988949
-61.12512580462         3000.00 -127.9726815255
-62.15889857046         3000.00 -127.5967641561
 -63.1926713363         3000.00 -127.2208467867
-64.22108083557         3000.00 -126.8311204491
 -65.1894024634         3000.00 -126.3116348306
-66.06449497158         3000.00 -125.6470107378
-66.82479336468         3000.00  -124.853626571
-67.45156153051         3000.00 -123.9510337785
-67.92935395616         3000.00 -122.9614750483
 -68.2737667573         3000.00 -121.9170462683
-68.57671092161         3000.00 -120.8596318567
 -68.8462779273         3000.00 -119.7932201003
-69.09384886411         3000.00 -118.7214458061
 -69.3315829529         3000.00 -117.6474467232
 -69.5594621999         3000.00 -116.5713135641
-69.77746745707         3000.00 -115.4931367534
-69.98558040603         3000.00 -114.4130068873
-70.18378355964         3000.00  -113.331014726
-70.37206026345         3000.00 -112.2472511863
-70.55039469709         3000.00 -111.1618073338
-70.71877187562         3000.00 -110.0747743752
-70.87717765078         3000.00  -108.986243651
-71.02559871218         3000.00 -107.8963066272
-71.16402258842         3000.00 -106.8050548883
-71.29243764812         3000.00  -105.712580129
-71.41083310093         3000.00 -104.6189741469
-71.51919899841         3000.00 -103.5243288348
-71.61752623488         3000.00 -102.4287361724
-71.70580654817         3000.00 -101.3322882195
-71.78403252035         3000.00 -100.2350771074
-71.85219757831         3000.00  -99.1371950317
-71.91029599431         3000.00 -98.03873424438
-71.95832288653         3000.00 -96.93978704599
-71.99627421939         3000.00 -95.84044577798
-72.02414680394         3000.00  -94.7408028149
-72.04193829815         3000.00 -93.64095055666
-72.04964720702         3000.00 -92.54098142075
-72.04999999999         3000.00 -91.44098170591
-72.04999999999         3000.00 -90.34098170591
-72.04999999999         3000.00 -89.24098170591
-72.04999999999         3000.00 -88.14098170591
-72.04999999999         3000.00 -87.04098170591
-72.04999999999         3000.00 -85.94098170591
-72.04999999999         3000.00 -84.84098170591
-72.04999999999         3000.00 -83.74098170591
-72.04999999999         3000.00 -82.64098170591
-72.04999999999         3000.00 -81.54098170591
-72.04999999999         3000.00 -80.44098170591
-72.04999999999         3000.00 -79.34098170591
-72.04999999999         3000.00 -78.24098170591
-72.04999999999         3000.00 -77.14098170591
-72.04999999999         3000.00 -76.04098170591
-72.04999999999         3000.00 -74.94098170591
-72.04999999999         3000.00 -73.84098170591
-72.04999999999         3000.00 -72.74098170591
-72.04999999999         3000.00 -71.64098170591
-72.04999999999         3000.00 -70.54098170591
-72.04999999999         3000.00 -69.44098170591
-72.04999999999         3000.00 -68.34098170591
-72.04999999999         3000.00 -67.24098170591
-72.04999999999         3000.00 -66.14098170591
-72.04999999999         3000.00 -65.04098170591
-72.04999999999         3000.00 -63.94098170591
-72.04999999999         3000.00 -62.84098170591
-72.04999999999         3000.00 -61.74098170591
-72.04999999999         3000.00 -60.64098170591
-72.04790539383         3000.00  -59.5409858312
-72.03636464494         3000.00 -58.44105022475
-72.01474177906         3000.00 -57.34126661926
-71.98303861311         3000.00 -56.24172742647
-71.94125781101         3000.00 -55.14252503755
-71.88940288348         3000.00  -54.0437518154
-71.82747818775         3000.00 -52.94550008684
-71.75548892717         3000.00 -51.84786213488
-71.67344115081         3000.00 -50.75093019095
 -71.5813417529         3000.00 -49.65479642716
 -71.4791984723         3000.00 -48.55955294854
-71.36701989182         3000.00 -47.46529178534
-71.24481543751         3000.00 -46.37210488523
-71.11259537787         3000.00 -45.28008410564
-70.97037082298         3000.00 -44.18932120601
-70.81815372357         3000.00 -43.09990784008
-70.65595687001         3000.00 -42.01193554819
-70.48379389125         3000.00  -40.9254957496
-70.30167925366         3000.00 -39.84067973478
-70.10962825982         3000.00 -38.75757865779
-69.90765704724         3000.00 -37.67628352855
-69.69578258699         3000.00 -36.59688520526
-69.47402268229         3000.00 -35.51947438673
-69.24239596699         3000.00 -34.44414160476
-69.00092190404         3000.00 -33.37097721654
-68.74778312454         3000.00 -32.30051485635
-68.46549853119         3000.00 -31.23739877002
-68.14994662077         3000.00  -30.1836780307
-67.76376361306         3000.00 -29.15466497275
-67.22477414804         3000.00 -28.19706252953
-66.54256404553         3000.00  -27.3356094207
-65.73394507986         3000.00 -26.59153452458
-64.81884413207         3000.00 -25.98317415603
-63.81981212974         3000.00 -25.52552020269
-62.78604529661         3000.00 -25.14958655596
-61.75227253077         3000.00 -24.77366918657
-60.71849976493         3000.00 -24.39775181717
 -59.6847269991         3000.00 -24.02183444778
-58.65095423326         3000.00 -23.64591707838
-57.61718146742         3000.00 -23.26999970899
-56.58340870158         3000.00 -22.89408233959
-55.54963593575         3000.00  -22.5181649702
-54.51586316991         3000.00  -22.1422476008
-53.48209040407         3000.00 -21.76633023141
-52.44831763824         3000.00 -21.39041286201
 -51.4145448724         3000.00 -21.01449549261
-50.38077210656         3000.00 -20.63857812322
-49.34699934072         3000.00 -20.26266075382
-48.31322657489         3000.00 -19.88674338443
-47.27945380905         3000.00 -19.51082601503
-46.24568104321         3000.00 -19.13490864564
-45.21190827737         3000.00 -18.75899127624
-44.17813551154         3000.00 -18.38307390685
 -43.1443627457         3000.00 -18.00715653745
-42.11058997986         3000.00 -17.63123916806
-41.07681721403         3000.00 -17.25532179866
-40.04304444819         3000.00 -16.87940442926
-39.00927168235         3000.00 -16.50348705987
-37.97549891651         3000.00 -16.12756969047
-36.94172615068         3000.00 -15.75165232108
-35.90795338484         3000.00 -15.37573495168
-34.87298157589         3000.00 -15.00316112296
-33.82944324229         3000.00 -14.65538031118
-32.77673670486         3000.00   -14.336424683
-31.71565802273         3000.00 -14.04653543339
-30.64700958608         3000.00 -13.78593177728
-29.57159950938         3000.00 -13.55481078379
-28.49024102023         3000.00 -13.35334722713
-27.40375184446         3000.00 -13.18169345453
-26.31295358773         3000.00 -13.03997927096
-25.21867111423         3000.00 -12.92831184103
-24.12189155352         3000.00 -12.84442082526
-23.02468698371         3000.00 -12.76604907027
 -21.9274824139         3000.00 -12.68767731528
-20.83027784408         3000.00  -12.6093055603
-19.73307327427         3000.00 -12.53093380531
-18.63586870445         3000.00 -12.45256205032
-17.53866413464         3000.00 -12.37419029534
-16.44145956483         3000.00 -12.29581854035
-15.34425499501         3000.00 -12.21744678536
 -14.2470504252         3000.00 -12.13907503038
-13.14984585538         3000.00 -12.06070327539
-12.05264128557         3000.00 -11.98233152041
-10.95543671576         3000.00 -11.90395976542
-9.858232145943         3000.00 -11.82558801043
-8.761776315523         3000.00 -11.73914719297
-7.705690005869         3000.00 -11.44406181133
-6.769415462113         3000.00 -10.87328720204
-6.023313346149         3000.00 -10.06971685139
 -5.52345293709         3000.00 -9.093738753604
-5.307398547105         3000.00 -8.018697276978
-5.300000000004         3000.00 -6.918847315889
-5.300000000004         3000.00 -5.818847315889
-5.300000000004         3000.00 -4.718847315889
-5.300000000003         3000.00 -3.618847315889
-5.300000000003         3000.00 -2.518847315889
-5.383842179845         3000.00 -1.426991092347
-5.965932908275         3000.00 -0.5099446336548
 -6.94150800062         3000.00 -0.0323914295825
